1.000000e+00 -0.000000e+00 0.000000e+00 0.000000e+00 0.000000e+00 1.000000e+00 0.000000e+00 0.000000e+00 0.000000e+00 0.000000e+00 1.000000e+00 0.000000e+00
9.999980e-01 -1.996667e-03 0.000000e+00 1.200000e+00 1.996667e-03 9.999980e-01 0.000000e+00 1.497501e-02 0.000000e+00 0.000000e+00 1.000000e+00 0.000000e+00
9.999921e-01 -3.973376e-03 0.000000e+00 2.400000e+00 3.973376e-03 9.999921e-01 0.000000e+00 2.980040e-02 0.000000e+00 0.000000e+00 1.000000e+00 0.000000e+00
9.999825e-01 -5.910370e-03 0.000000e+00 3.600000e+00 5.910370e-03 9.999825e-01 0.000000e+00 4.432803e-02 0.000000e+00 0.000000e+00 1.000000e+00 0.000000e+00
9.999697e-01 -7.788288e-03 0.000000e+00 4.800000e+00 7.788288e-03 9.999697e-01 0.000000e+00 5.841275e-02 0.000000e+00 0.000000e+00 1.000000e+00 0.000000e+00
9.999540e-01 -9.588364e-03 0.000000e+00 6.000000e+00 9.588364e-03 9.999540e-01 0.000000e+00 7.191383e-02 0.000000e+00 0.000000e+00 1.000000e+00 0.000000e+00
9.999362e-01 -1.129261e-02 0.000000e+00 7.200000e+00 1.129261e-02 9.999362e-01 0.000000e+00 8.469637e-02 0.000000e+00 0.000000e+00 1.000000e+00 0.000000e+00
9.999170e-01 -1.288400e-02 0.000000e+00 8.400000e+00 1.288400e-02 9.999170e-01 0.000000e+00 9.663265e-02 0.000000e+00 0.000000e+00 1.000000e+00 0.000000e+00
9.998971e-01 -1.434663e-02 0.000000e+00 9.600000e+00 1.434663e-02 9.998971e-01 0.000000e+00 1.076034e-01 0.000000e+00 0.000000e+00 1.000000e+00 0.000000e+00
9.998773e-01 -1.566590e-02 0.000000e+00 1.080000e+01 1.566590e-02 9.998773e-01 0.000000e+00 1.174990e-01 0.000000e+00 0.000000e+00 1.000000e+00 0.000000e+00
9.998584e-01 -1.682863e-02 0.000000e+00 1.200000e+01 1.682863e-02 9.998584e-01 0.000000e+00 1.262206e-01 0.000000e+00 0.000000e+00 1.000000e+00 0.000000e+00
9.998412e-01 -1.782320e-02 0.000000e+00 1.320000e+01 1.782320e-02 9.998412e-01 0.000000e+00 1.336811e-01 0.000000e+00 0.000000e+00 1.000000e+00 0.000000e+00
9.998263e-01 -1.863970e-02 0.000000e+00 1.440000e+01 1.863970e-02 9.998263e-01 0.000000e+00 1.398059e-01 0.000000e+00 0.000000e+00 1.000000e+00 0.000000e+00
9.998143e-01 -1.926997e-02 0.000000e+00 1.560000e+01 1.926997e-02 9.998143e-01 0.000000e+00 1.445337e-01 0.000000e+00 0.000000e+00 1.000000e+00 0.000000e+00
9.998058e-01 -1.970772e-02 0.000000e+00 1.680000e+01 1.970772e-02 9.998058e-01 0.000000e+00 1.478175e-01 0.000000e+00 0.000000e+00 1.000000e+00 0.000000e+00
9.998010e-01 -1.994858e-02 0.000000e+00 1.800000e+01 1.994858e-02 9.998010e-01 0.000000e+00 1.496242e-01 0.000000e+00 0.000000e+00 1.000000e+00 0.000000e+00
9.998002e-01 -1.999014e-02 0.000000e+00 1.920000e+01 1.999014e-02 9.998002e-01 0.000000e+00 1.499360e-01 0.000000e+00 0.000000e+00 1.000000e+00 0.000000e+00
9.998033e-01 -1.983200e-02 0.000000e+00 2.040000e+01 1.983200e-02 9.998033e-01 0.000000e+00 1.487497e-01 0.000000e+00 0.000000e+00 1.000000e+00 0.000000e+00
9.998103e-01 -1.947572e-02 0.000000e+00 2.160000e+01 1.947572e-02 9.998103e-01 0.000000e+00 1.460771e-01 0.000000e+00 0.000000e+00 1.000000e+00 0.000000e+00
9.998209e-01 -1.892487e-02 0.000000e+00 2.280000e+01 1.892487e-02 9.998209e-01 0.000000e+00 1.419450e-01 0.000000e+00 0.000000e+00 1.000000e+00 0.000000e+00
9.998346e-01 -1.818495e-02 0.000000e+00 2.400000e+01 1.818495e-02 9.998346e-01 0.000000e+00 1.363946e-01 0.000000e+00 0.000000e+00 1.000000e+00 0.000000e+00
9.998510e-01 -1.726333e-02 0.000000e+00 2.520000e+01 1.726333e-02 9.998510e-01 0.000000e+00 1.294814e-01 0.000000e+00 0.000000e+00 1.000000e+00 0.000000e+00
9.998693e-01 -1.616922e-02 0.000000e+00 2.640000e+01 1.616922e-02 9.998693e-01 0.000000e+00 1.212745e-01 0.000000e+00 0.000000e+00 1.000000e+00 0.000000e+00
9.998888e-01 -1.491355e-02 0.000000e+00 2.760000e+01 1.491355e-02 9.998888e-01 0.000000e+00 1.118558e-01 0.000000e+00 0.000000e+00 1.000000e+00 0.000000e+00
9.999088e-01 -1.350885e-02 0.000000e+00 2.880000e+01 1.350885e-02 9.999088e-01 0.000000e+00 1.013195e-01 0.000000e+00 0.000000e+00 1.000000e+00 0.000000e+00
9.999284e-01 -1.196916e-02 0.000000e+00 3.000000e+01 1.196916e-02 9.999284e-01 0.000000e+00 8.977082e-02 0.000000e+00 0.000000e+00 1.000000e+00 0.000000e+00
9.999469e-01 -1.030984e-02 0.000000e+00 3.120000e+01 1.030984e-02 9.999469e-01 0.000000e+00 7.732521e-02 0.000000e+00 0.000000e+00 1.000000e+00 0.000000e+00
9.999635e-01 -8.547494e-03 0.000000e+00 3.240000e+01 8.547494e-03 9.999635e-01 0.000000e+00 6.410698e-02 0.000000e+00 0.000000e+00 1.000000e+00 0.000000e+00
9.999776e-01 -6.699713e-03 0.000000e+00 3.360000e+01 6.699713e-03 9.999776e-01 0.000000e+00 5.024822e-02 0.000000e+00 0.000000e+00 1.000000e+00 0.000000e+00
9.999886e-01 -4.784968e-03 0.000000e+00 3.480000e+01 4.784968e-03 9.999886e-01 0.000000e+00 3.588740e-02 0.000000e+00 0.000000e+00 1.000000e+00 0.000000e+00
